START  Number of events  =  109115
-----------------------------------------------------------------------------------------------
Event jet# njet   dphi      jphi     track_phi    bpsik_pt   jet_pt
-----------------------------------------------------------------------------------------------
1045  0   3     0.0762848   -0.0990768  -0.175362  16.884   14.2904
1621  0   4     0.00159013   1.90699   1.90858    14.449    13.6077
1621  2   4     0.130906     1.90699   1.77609    14.449    3.56653
3406  0   2     0.0011375   -0.919302  -0.920439  23.9262  23.6906
6712  1   4     0.148139     1.21685   1.36499   8.35042   7.33474
6937  0   2     0.198806     2.83697   3.03578   5.92305   3.68544
7540  0   2     0.0187309    2.12324   2.14197   10.3974   7.36537
9786  1   3     0.0715824    1.01226   1.08384   14.9157   12.7867
13459  0   3     0.0533003   0.0969209  0.150221  18.8517   18.2526
13624  0   2     0.149217    2.46955    2.32033   11.3171   8.58529
15205  0   2     0.0375879   -0.572627 -0.535039   16.594   13.8143
17923  0   3     0.0742619   -2.90084   -2.9751   18.4454   18.0135
20180  0   5     0.0412483   0.844624   0.885873   18.1479   19.3944
20206  0   4     0.0162363   0.127348   0.111112   27.5349   26.3166
20206  3   4     0.0955404   0.127348   0.031808   27.5349   1.76738
23539  1   5     0.182551   -2.43484   -2.25229   6.05962   4.25558
27429  2   7     0.0296507   2.14291   2.11326   13.8736   5.67229
27549  0   7     0.0332141   2.53057   2.56378   23.3356   21.8012
29181  0   2     0.0590259   -1.9734   -2.03243   11.1375   8.14402
34486  0   1     0.0925277   1.56327    1.47075   14.0983   14.3963
36420  1   2     0.0710304   -2.85127   -2.78024  17.2998   13.1729
43737  0   5     0.000598431  -2.37838  -2.37778  41.3127   40.2187
47796  0   4     0.0479858    1.09043   1.04244   20.6406   25.1506
50022  0   4     0.0759183   -0.119182  -0.195101 17.6153   16.9992
50613  1   3     0.00157571   2.61793   2.61636   13.0535   3.93225
52295  0   5     0.146903     1.02201   1.16891   16.8389   12.3271
52959  0   7     3.25143e-05  -0.480588  -0.48062  40.6445  40.5688
53757  0   6     0.0529963   1.99981   2.05281   23.2857   23.2838
57557  0   7     0.0915105   2.29554   2.38705   14.7956   14.3996
60560  0   4     0.000492096  2.70747   2.70698   17.1835   17.178
65212  1   3     0.0154151   1.29447   1.30989   9.96447   10.0315
67195  0   5     0.130055   2.41103    2.28098   14.5398   14.6076
67235  0   6     0.109522   0.514545   0.624066   16.4772   8.16636
69869  0   4     0.153858   2.67128    2.51742   19.9968   14.4431
71444  0   2     0.0111158   2.40268   2.39157   17.5911   19.2738
78151  0   5     0.0371044   -2.89871   -2.8616   17.8926   25.3142
78560  0   4     0.0618736   -0.408627  -0.470501 6.25846   5.80776
79230  0   2     0.0750718   0.335732   0.26066   13.8214   10.8158
80112  4   7     0.0307631   2.52945   2.56021    9.3748    2.2401
80112  6   7     0.0442557   2.52945   2.57371    9.3748    1.7494
84045  0   4     0.00833058   1.94555   1.93722   16.1612   17.2465
84753  0   2     0.0172426   0.773776   0.791018   12.8483   12.8335
85981  0   4     0.13703    0.305471   0.442501   15.7478   19.1367
85981  2   4     0.0281684   0.305471   0.277303   15.7478  6.65305
93924  0   2     0.0451849   1.15516   1.20035    10.732    8.34451
93924  0   2     0.12112    1.07923    1.20035    10.9949   8.34451
94797  0   1     0.154794   2.2218     2.3766     8.21476   5.27286
97601  0   5     0.070215   0.853717   0.923932   19.5665   18.4071
98961  0   5     0.00023680 -0.0190008 -0.018764  20.5114  20.5273
103022  1   2     0.191349   2.34066   2.53201   5.74696   4.31117
Positive Bs  43  Negative Bs  37
Positive Bs  good tags  11  bad tags  18
Negative Bs  good tags  10  bad tags  14
