0,0.09203109817681301
0.1,0.04874743467868131
0.2,-0.0174629090485124
0.30000000000000004,-0.07546017378470983
0.4,-0.09796733969221778
0.5,-0.0743989349605669
0.6000000000000001,-0.01583954860153483
0.7000000000000001,0.05016942496457309
0.8,0.09258293405095293
0.9,0.09145324260491991
1.,0.04731166216545876
1.1,-0.01908133225553156
1.2000000000000002,-0.07650007796270415
1.3,-0.09793964165732577
1.4000000000000001,-0.07331666153139178
1.5,-0.014211709882806706
1.6,0.051577230987755004
1.7000000000000002,0.09310859420831007
1.8,0.09084953071078081
1.9000000000000001,0.04586251335689544
2.,-0.020694360650276716
2.1,-0.07751835348531896
2.2,-0.09788425341852995
2.3000000000000003,-0.07221365948535671
2.4000000000000004,-0.012579853126664375
2.5,0.05297045472312478
2.6,0.09360793003044268
2.7,0.09022013318018868
2.8000000000000003,0.04440039796682456
2.9000000000000004,-0.022301538185693345
3.,-0.07851471245833251