3.28838  -1
3.37397  -1
4.87431  -1
6.12786  -1
1.76652  -1
1.19668  -1
2.29299  -1
1.79297  -1
4.38905  -1
4.37688  -1
4.54748  -1
3.54615  -1
3.41011  -1
2.62286  -1
1.48154  -1
1.31264  -1
3.6122  -1
2.50087  -1
4.91245  -1
1.26208  -1
2.96522  -1
2.30184  -1
4.88241  -1
5.10886  -1
0.996553  -1
5.2553  -1
5.36962  -1
4.02366  -1
0.68174  -1
7.3607  -1
4.48464  -1
3.09723  -1
1.73283  -1
2.98323  -1
1.77517  -1
8.44066  -1
2.23532  -1
1.31666  -1
1.95826  -1
2.7631  -1
0.581186  -1
2.70043  -1
7.70711  -1
0.496116  -1
3.65794  -1
2.73541  -1
2.38885  -1
0.85768  -1
4.18413  -1
2.84629  -1
4.4293  -1
5.65684  -1
3.36021  -1
5.42739  -1
4.11693  -1
2.86831  -1
4.00812  -1
4.25852  -1
-0.00818684  -1
1.47295  -1
4.12927  -1
4.83933  -1
0.370312  -1
4.09804  -1
3.57323  -1
1.32171  -1
2.03975  -1
4.19849  -1
1.16486  -1
4.35022  -1
5.50123  -1
2.40533  -1
10.6226  -1
5.65328  -1
0.666042  -1
2.62978  -1
0.376983  -1
8.90783  -1
4.23544  -1
6.31009  -1
2.867  -1
4.11178  -1
3.13701  -1
1.69847  -1
1.17666  -1
3.10194  -1
1.78842  -1
2.0929  -1
1.35249  -1
0.984782  -1
4.40676  -1
4.39368  -1
5.05968  -1
3.72222  -1
1.51356  -1
4.58678  -1
5.8788  -1
5.80772  -1
2.77093  -1
0.711211  -1
1.5941  -1
2.99248  -1
2.62393  -1
1.56247  -1
3.28711  -1
5.4081  -1
2.0309  -1
5.54675  -1
4.61961  -1
0.833021  -1
5.87626  -1
4.44986  -1
2.63574  -1
4.57679  -1
5.28229  -1
2.35179  -1
5.0244  -1
4.18695  -1
3.18667  -1
5.4384  -1
4.35574  -1
3.33324  -1
4.26841  -1
3.42662  -1
3.2831  -1
3.10147  -1
4.93079  -1
1.71795  -1
0.891342  -1
3.74283  -1
1.8655  -1
2.67371  -1
3.98381  -1
2.46319  -1
3.98172  -1
2.02131  -1
4.13725  -1
7.50723  -1
2.17895  -1
3.97554  -1
2.98545  -1
4.81431  -1
2.10803  -1
4.79534  -1
5.07399  -1
0.945451  -1
1.55311  -1
3.38647  -1
3.585  -1
0.607069  -1
3.04809  -1
2.58362  -1
2.16011  -1
3.40487  -1
6.81227  -1
6.8196  -1
2.50919  -1
6.57185  -1
2.88932  -1
1.23567  -1
3.31649  -1
2.67731  -1
3.94143  -1
3.6163  -1
2.49238  -1
6.72505  -1
2.91156  -1
4.18854  -1
5.46716  -1
0.699914  -1
0.309947  -1
2.82617  -1
5.24245  -1
1.18294  -1
0.706272  -1
3.86634  -1
2.87429  -1
3.36671  -1
2.52891  -1
5.02732  -1
9.33382  -1
2.49113  -1
8.36834  -1
5.88669  -1
-0.645045  -1
7.50507  -1
1.45701  -1
3.59944  -1
4.05188  -1
3.35889  -1
1.8476  -1
0.989156  -1
3.32511  -1
2.90619  -1
