1.6256  1
1.91826  1
2.58387  1
2.61419  1
0.85729  1
1.38623  1
-0.998738  1
1.85109  1
0.349783  1
-1.45652  1
2.17238  1
2.5675  1
0.360097  1
2.88662  1
0.174551  1
0.971554  1
2.18711  1
0.164422  1
4.49196  1
1.73381  1
1.06738  1
1.64394  1
0.0635906  1
3.22092  1
2.93706  1
1.09856  1
0.887359  1
1.39723  1
6.60136  1
-0.0203836  1
2.13228  1
2.30732  1
1.36743  1
0.275868  1
2.9388  1
1.2937  1
1.96788  1
0.983083  1
2.18709  1
2.19918  1
-0.335385  1
0.540208  1
2.06796  1
0.953589  1
3.38678  1
-1.4686  1
-1.25487  1
1.86953  1
1.69302  1
2.6667  1
-0.336093  1
0.617334  1
0.710308  1
-0.0975469  1
1.04061  1
0.833945  1
0.143242  1
-1.29472  1
1.15856  1
3.58957  1
1.12625  1
0.38409  1
-2.30872  1
-0.537009  1
0.111812  1
1.06956  1
1.01645  1
0.22162  1
2.43354  1
2.16949  1
-0.231122  1
2.35131  1
-0.285579  1
0.641963  1
1.02992  1
1.7706  1
1.92463  1
0.407784  1
-0.457208  1
1.16786  1
4.17443  1
1.0089  1
0.332233  1
0.796406  1
0.566881  1
1.40175  1
0.792201  1
0.390544  1
1.74855  1
1.45197  1
0.644802  1
1.79163  1
-0.351179  1
-0.396462  1
0.24313  1
1.7622  1
0.466241  1
0.712553  1
2.04605  1
3.58465  1
0.382142  1
1.19343  1
0.138668  1
-1.48352  1
0.0892212  1
1.94153  1
1.0838  1
4.01378  1
-0.151584  1
1.77039  1
-0.456109  1
1.14232  1
0.954986  1
1.18193  1
0.568708  1
1.01988  1
1.26623  1
1.76105  1
2.66249  1
0.565571  1
1.67415  1
0.806705  1
-0.337275  1
-0.228594  1
2.26899  1
0.313649  1
0.979309  1
-0.411184  1
1.30178  1
2.13324  1
-1.33413  1
-0.0722748  1
-0.526531  1
1.91486  1
1.66744  1
0.958666  1
0.370305  1
0.225425  1
0.646723  1
1.41991  1
-0.098209  1
0.6936  1
1.7982  1
1.46271  1
5.17857  1
-0.254941  1
1.85724  1
1.71766  1
0.361516  1
3.95127  1
1.83232  1
3.25101  1
0.66297  1
2.57954  1
-0.656757  1
-0.256378  1
4.98027  1
5.27819  1
2.80223  1
1.89314  1
-1.13444  1
0.8677  1
0.382675  1
-0.0831954  1
1.8766  1
2.01006  1
1.84683  1
2.57215  1
3.42082  1
2.35245  1
1.17218  1
-1.74579  1
0.0716852  1
4.7556  1
0.731901  1
2.15596  1
-0.309459  1
3.87029  1
-0.217405  1
0.0559936  1
0.754403  1
-1.17625  1
2.92305  1
0.814613  1
0.984045  1
0.77083  1
1.96599  1
-1.90679  1
-0.208934  1
-1.06175  1
-0.418867  1
2.29442  1
0.524203  1
0.131249  1
1.91148  1
-0.298169  1
2.29961  1
1.63189  1
3.78666  1
0.775543  1
-0.805258  1
2.9639  1
1.9226  1
2.41375  1
3.87324  1
1.00393  1
1.87117  1
-0.817491  1
2.07171  1
0.899945  1
0.608652  1
3.15143  1
2.21756  1
1.48119  1
0.464261  1
0.833614  1
1.99708  1
1.71988  1
-0.344733  1
2.03739  1
1.45271  1
-0.667346  1
0.134175  1
0.0661772  1
2.12295  1
-0.464724  1
0.51811  1
-0.232661  1
5.05367  1
4.78657  1
0.633555  1
0.506607  1
1.06024  1
-0.671822  1
2.47491  1
0.371603  1
0.44438  1
2.65539  1
0.818144  1
0.444247  1
0.139679  1
-0.805445  1
1.04057  1
-1.44967  1
1.02805  1
10.7949  1
1.61605  1
0.0704294  1
0.00763795  1
3.17709  1
2.44712  1
-0.164663  1
2.25437  1
0.209401  1
1.09628  1
11.1252  1
0.420606  1
3.25238  1
-0.0970413  1
1.50412  1
0.264745  1
3.67459  1
3.10419  1
1.73923  1
-1.22894  1
1.43537  1
1.54523  1
0.474448  1
0.517226  1
0.0817713  1
-0.687483  1
-0.244089  1
-0.07338  1
-0.719649  1
-0.15015  1
0.124945  1
1.98216  1
0.408098  1
-0.283737  1
1.72508  1
-0.692413  1
-0.179744  1
0.276042  1
-0.970106  1
0.543426  1
0.965549  1
-0.292877  1
-0.380541  1
2.19518  1
0.388427  1
0.204299  1
1.10279  1
0.917506  1
2.60428  1
1.93912  1
-0.864143  1
0.81925  1
-0.775925  1
-0.687836  1
1.06166  1
1.5442  1
-0.254083  1
0.839909  1
4.0704  1
2.12594  1
-0.419782  1
0.208102  1
1.00562  1
-1.01591  1
2.12526  1
0.199472  1
2.84371  1
1.59931  1
1.96823  1
-0.0692226  1
3.74852  1
-0.574142  1
-1.55413  1
1.2167  1
0.856944  1
0.354346  1
5.02065  1
1.10293  1
2.78499  1
6.95065  1
1.08285  1
-1.64001  1
-1.39943  1
2.34673  1
2.65623  1
1.71801  1
0.0279706  1
1.30614  1
0.139527  1
2.7703  1
1.42377  1
2.08557  1
1.00945  1
-0.00629382  1
0.451142  1
1.28499  1
2.42671  1
2.05487  1
-0.227115  1
1.19626  1
0.849122  1
0.352166  1
0.0611116  1
1.19446  1
0.709775  1
2.35468  1
1.80892  1
2.20931  1
1.89202  1
0.916916  1
0.26843  1
3.31136  1
1.53902  1
1.57277  1
-0.0213375  1
-2.68948  1
1.59834  1
1.93524  1
0.280322  1
2.47732  1
0.429569  1
-0.492018  1
1.52184  1
2.00953  1
2.69809  1
0.00878255  1
3.28939  1
-1.0074  1
1.77555  1
0.870897  1
1.61447  1
0.993871  1
1.32573  1
-0.37263  1
2.88148  1
-1.09585  1
2.64355  1
2.84583  1
2.06695  1
1.74218  1
1.32304  1
1.20663  1
-0.164142  1
0.316979  1
-0.977395  1
1.04897  1
3.60795  1
-0.025201  1
0.716644  1
1.87185  1
0.505203  1
0.482578  1
2.94505  1
2.58601  1
2.14181  1
0.855576  1
-0.754976  1
3.48241  1
0.152191  1
0.43405  1
0.700291  1
1.36944  1
0.240042  1
1.30513  1
3.42558  1
0.75663  1
-0.843617  1
2.29172  1
2.45095  1
1.04195  1
-0.0357099  1
2.17452  1
1.52712  1
1.63416  1
1.85573  1
-1.25928  1
1.57111  1
2.41067  1
1.08909  1
0.358071  1
-0.164591  1
0.573277  1
1.33561  1
0.342102  1
-1.57473  1
2.04583  1
2.15553  1
-0.751301  1
1.27825  1
-0.356008  1
-1.00946  1
1.30247  1
3.96894  1
1.36952  1
-0.194828  1
1.32948  1
2.84073  1
-0.264459  1
0.113159  1
-0.157702  1
0.527363  1
-0.149395  1
2.81584  1
1.61835  1
1.06303  1
-0.606694  1
3.26232  1
3.11111  1
1.36819  1
0.54755  1
-1.53908  1
-0.399596  1
0.595256  1
2.68729  1
0.846519  1
0.318666  1
1.70292  1
3.87566  1
-0.353976  1
1.55056  1
2.18117  1
-1.22912  1
1.71343  1
1.87738  1
-0.182733  1
0.39475  1
-0.699634  1
0.316189  1
0.184101  1
1.22466  1
0.532376  1
0.593015  1
3.74184  1
2.62004  1
1.87358  1
-2.03138  1
0.821669  1
1.79946  1
2.23909  1
0.97856  1
-0.548821  1
1.27265  1
1.33935  1
2.10815  1
0.297473  1
1.90484  1
0.512711  1
0.976812  1
4.09549  1
0.319193  1
1.06494  1
11.2338  1
2.51706  1
1.03237  1
-0.695573  1
2.11236  1
1.44364  1
0.566673  1
-0.806229  1
5.01771  1
1.55534  1
0.720907  1
0.263048  1
1.57932  1
0.371879  1
0.815946  1
1.19419  1
0.348744  1
0.30401  1
0.830542  1
0.869111  1
-0.734037  1
0.451478  1
1.98582  1
2.64642  1
4.7809  1
1.08621  1
0.415595  1
1.06738  1
1.23738  1
-0.263958  1
3.35809  1
0.550885  1
1.55996  1
0.580795  1
1.20948  1
0.029525  1
1.12218  1
0.736839  1
1.16995  1
1.84906  1
1.33927  1
2.53852  1
1.14001  1
1.38552  1
2.4952  1
-0.58022  1
3.44072  1
2.0352  1
1.22874  1
0.680387  1
1.07345  1
3.86926  1
1.98711  1
0.825173  1
-0.4242  1
2.27071  1
1.04211  1
0.127157  1
2.07828  1
1.78687  1
2.80457  1
-0.265072  1
1.49008  1
3.32609  1
0.810753  1
0.179112  1
-0.239611  1
3.21657  1
1.43823  1
0.511144  1
1.14568  1
1.33058  1
0.326509  1
2.30559  1
1.41431  1
-1.36665  1
1.89421  1
-0.958535  1
0.0421097  1
0.384655  1
0.0089925  1
-0.154561  1
0.816827  1
-1.55624  1
2.16365  1
1.91327  1
-1.01532  1
2.136  1
3.90617  1
2.23722  1
1.90472  1
-0.675866  1
-1.07988  1
0.380122  1
2.12094  1
-0.135024  1
-0.880234  1
3.31812  1
0.830637  1
1.17031  1
1.29924  1
-0.285491  1
2.89706  1
3.19924  1
2.41701  1
0.157536  1
0.632711  1
-0.672733  1
0.232312  1
2.53544  1
0.365756  1
1.44173  1
1.0743  1
-1.1927  1
-0.299952  1
0.863667  1
1.40316  1
3.40652  1
3.26911  1
4.36817  1
1.04653  1
0.141371  1
1.0158  1
2.0269  1
0.348968  1
1.83586  1
1.48117  1
-0.364502  1
2.97606  1
-0.229462  1
0.882695  1
0.512044  1
0.702053  1
2.23448  1
-1.06243  1
0.570935  1
-0.366442  1
1.17423  1
-0.109795  1
3.35261  1
0.857269  1
1.20162  1
-0.998976  1
-0.766847  1
1.30963  1
3.06372  1
-1.185  1
0.669632  1
-0.0739061  1
-0.151255  1
0.353189  1
0.961251  1
1.08708  1
-1.23735  1
1.15432  1
0.750928  1
-0.623389  1
0.602286  1
3.76244  1
-1.58543  1
0.397967  1
0.660484  1
0.949982  1
3.52086  1
-0.0945851  1
0.0232002  1
-0.60416  1
-1.06409  1
1.34424  1
3.3777  1
2.68919  1
2.02271  1
1.23828  1
-0.131474  1
1.88302  1
1.9622  1
3.87324  1
2.63489  1
1.7212  1
1.07826  1
1.78017  1
1.77171  1
-0.502106  1
-1.19049  1
0.180341  1
2.35282  1
3.09227  1
0.385479  1
0.289245  1
-0.0319929  1
1.84052  1
1.4713  1
10.1441  1
0.664103  1
-0.0086773  1
0.791906  1
1.20937  1
-0.704645  1
0.768105  1
1.41838  1
0.49237  1
1.3069  1
-0.272324  1
2.32733  1
-0.25023  1
-0.147411  1
1.59235  1
1.11457  1
0.467921  1
1.58263  1
0.675639  1
1.58712  1
0.25901  1
0.647468  1
3.99062  1
1.7148  1
0.406939  1
0.477783  1
-0.192192  1
0.970916  1
0.372517  1
-0.84398  1
1.98751  1
2.4108  1
1.13252  1
3.98092  1
-2.11854  1
2.41355  1
0.157694  1
0.588965  1
1.6611  1
-0.837523  1
0.474917  1
2.92286  1
1.58088  1
1.94804  1
0.252567  1
2.82791  1
1.34997  1
1.56427  1
1.02925  1
3.09974  1
2.17411  1
2.13875  1
1.21814  1
-0.475268  1
1.28343  1
1.13305  1
0.983979  1
1.88753  1
-0.262641  1
1.71945  1
-1.43919  1
2.15698  1
2.78689  1
-0.784303  1
0.672067  1
1.05579  1
0.887502  1
1.46029  1
2.27799  1
-1.03099  1
2.12675  1
-1.16796  1
1.71918  1
-0.37728  1
2.81778  1
1.74986  1
2.60991  1
-0.12611  1
0.22338  1
-0.216956  1
0.33264  1
1.13511  1
-0.904749  1
-0.739431  1
0.201711  1
0.102662  1
-0.430449  1
0.99597  1
-1.45028  1
-0.103678  1
0.772059  1
2.23198  1
1.2712  1
2.34298  1
0.780579  1
1.30351  1
1.37352  1
1.1108  1
3.01647  1
1.90229  1
4.07063  1
-0.82747  1
0.840244  1
1.36834  1
2.89603  1
0.841356  1
1.30752  1
1.32975  1
1.65165  1
1.47665  1
4.34101  1
-0.737423  1
1.74652  1
0.271709  1
2.56122  1
3.26054  1
0.985591  1
1.21433  1
